osm_id	floor_band	repr_floor	n_candidates	sun_hours_winter	view_block_pct	open_angle_mean
664687922	LOW	5	305	0.0	88.9	54.2
664687922	MID	15	305	0.42	86.1	65.3
664687922	HIGH	25	305	6.08	50.0	84.1
775926772	LOW	3	328	3.33	84.7	72.4
775926772	MID	7	328	5.17	68.1	78.4
775926772	HIGH	12	328	6.08	4.2	86.1
700870372	LOW	5	224	2.25	81.9	69.0
700870372	MID	15	224	5.83	68.1	84.0
700870372	HIGH	25	224	6.08	30.6	122.9
394541430	LOW	5	228	2.92	77.8	66.2
394541430	MID	13	228	3.25	69.4	78.7
394541430	HIGH	22	228	6.08	30.6	120.9
394541428	LOW	4	225	1.33	81.9	57.8
394541428	MID	10	225	2.33	80.6	64.7
394541428	HIGH	16	225	3.0	75.0	76.7
663489498	LOW	6	223	1.58	68.1	72.7
663489498	MID	16	223	2.0	45.8	85.2
663489498	HIGH	26	223	4.92	18.1	126.7
730009520	LOW	5	235	4.75	23.6	93.8
730009520	MID	14	235	6.0	16.7	114.8
730009520	HIGH	24	235	6.08	2.8	145.0
899351932	LOW	3	281	3.58	56.9	76.3
899351932	MID	7	281	4.92	52.8	83.1
899351932	HIGH	12	281	6.08	13.9	88.1
492133685	LOW	3	297	2.17	86.1	71.1
492133685	MID	7	297	4.83	68.1	77.6
492133685	HIGH	12	297	6.08	0.0	86.2
839947872	LOW	6	204	6.08	56.9	82.7
839947872	MID	16	204	6.08	56.9	95.7
839947872	HIGH	26	204	6.08	44.4	116.7
803639603	LOW	4	310	0.5	75.0	57.0
803639603	MID	11	310	0.5	73.6	68.9
803639603	HIGH	19	310	5.67	26.4	87.9
1436297903	LOW	2	408	6.08	26.4	81.6
1436297903	MID	5	408	6.08	18.1	83.8
1436297903	HIGH	9	408	6.08	16.7	87.1
803489765	LOW	3	127	6.08	63.9	94.3
803489765	MID	8	127	6.08	61.1	100.3
803489765	HIGH	13	127	6.08	23.6	107.2
1089003967	LOW	3	182	5.25	70.8	80.5
1089003967	MID	8	182	6.08	48.6	86.8
1089003967	HIGH	14	182	6.08	27.8	103.7
1078429996	LOW	4	111	3.83	54.2	99.8
1078429996	MID	10	111	4.25	48.6	103.6
1078429996	HIGH	17	111	4.67	44.4	116.6
676724581	LOW	2	309	5.58	77.8	69.1
676724581	MID	2	309	5.58	77.8	69.1
676724581	HIGH	3	309	5.67	73.6	72.2
1080855207	LOW	4	256	0.58	94.4	56.5
1080855207	MID	11	256	1.75	94.4	67.8
1080855207	HIGH	18	256	6.08	66.7	80.4
923250037	LOW	2	98	4.17	61.1	80.1
923250037	MID	5	98	4.67	51.4	84.6
923250037	HIGH	9	98	6.08	31.9	97.4
1134966044	LOW	2	224	3.67	80.6	74.4
1134966044	MID	6	224	5.25	61.1	82.1
1134966044	HIGH	10	224	6.08	0.0	90.1
491027845	LOW	3	337	5.67	66.7	73.7
491027845	MID	8	337	6.08	58.3	79.2
491027845	HIGH	13	337	6.08	9.7	88.7
1368621246	LOW	2	277	0.33	61.1	64.5
1368621246	MID	5	277	0.33	56.9	67.5
1368621246	HIGH	9	277	0.67	54.2	71.4
1187557760	LOW	2	131	5.92	43.1	91.9
1187557760	MID	2	131	5.92	43.1	91.9
1187557760	HIGH	3	131	6.08	11.1	94.4
369461449	LOW	3	79	1.92	45.8	100.4
369461449	MID	8	79	4.33	43.1	109.7
369461449	HIGH	13	79	6.08	5.6	121.3
1067083854	LOW	2	184	6.08	33.3	97.7
1067083854	MID	5	184	6.08	33.3	99.3
1067083854	HIGH	9	184	6.08	23.6	102.0
193180214	LOW	3	128	4.0	38.9	120.8
193180214	MID	8	128	6.08	31.9	125.7
193180214	HIGH	13	128	6.08	0.0	131.5
470093118	LOW	3	258	4.42	58.3	80.9
470093118	MID	8	258	4.92	45.8	86.8
470093118	HIGH	13	258	6.08	9.7	94.3
1479801937	LOW	2	64	1.0	41.7	111.3
1479801937	MID	6	64	3.17	40.3	116.5
1479801937	HIGH	10	64	4.5	29.2	121.8
1444533637	LOW	4	125	2.17	90.3	53.2
1444533637	MID	11	125	3.33	81.9	63.7
1444533637	HIGH	19	125	5.83	68.1	90.8
803489769	LOW	3	132	4.0	79.2	80.0
803489769	MID	8	132	5.67	63.9	85.7
803489769	HIGH	13	132	6.08	43.1	93.5
394541423	LOW	5	230	1.25	95.8	50.7
394541423	MID	15	230	3.75	94.4	68.3
394541423	HIGH	25	230	6.08	5.6	107.5
663489510	LOW	4	221	2.08	86.1	54.3
663489510	MID	12	221	4.92	83.3	72.0
663489510	HIGH	20	221	6.08	4.2	106.2
678041586	LOW	2	199	6.08	45.8	74.5
678041586	MID	3	199	6.08	45.8	77.0
678041586	HIGH	5	199	6.08	37.5	84.8
472156102	LOW	3	38	6.08	37.5	126.3
472156102	MID	9	38	6.08	13.9	134.0
472156102	HIGH	15	38	6.08	0.0	169.8
1079940855	LOW	3	129	5.25	54.2	101.7
1079940855	MID	8	129	5.92	45.8	107.1
1079940855	HIGH	13	129	6.08	15.3	114.0
701096920	LOW	2	106	2.5	91.7	63.3
701096920	MID	6	106	5.5	91.7	70.0
701096920	HIGH	10	106	6.08	80.6	79.1
678055420	LOW	2	183	5.75	23.6	91.0
678055420	MID	1	183	5.75	29.2	89.1
678055420	HIGH	2	183	5.75	23.6	91.0
1479608883	LOW	4	141	1.17	70.8	60.5
1479608883	MID	11	141	3.0	68.1	70.9
1479608883	HIGH	19	141	6.08	37.5	106.0
1431826919	LOW	2	288	5.83	44.4	79.9
1431826919	MID	6	288	6.08	37.5	82.2
1431826919	HIGH	10	288	6.08	34.7	84.6
1428800770	LOW	3	136	6.08	30.6	124.0
1428800770	MID	7	136	6.08	8.3	125.5
1428800770	HIGH	12	136	6.08	0.0	127.3
601252644	LOW	8	48	6.08	33.3	112.4
601252644	MID	24	48	6.08	30.6	133.8
601252644	HIGH	40	48	6.08	30.6	140.3
636223049	LOW	4	330	2.5	90.3	55.0
636223049	MID	10	330	3.42	76.4	63.4
636223049	HIGH	16	330	5.67	61.1	76.8
471694810	LOW	2	208	6.08	1.4	111.2
471694810	MID	4	208	6.08	0.0	111.6
471694810	HIGH	6	208	6.08	0.0	112.1
769718619	LOW	4	224	5.92	54.2	92.5
769718619	MID	10	224	5.92	54.2	101.3
769718619	HIGH	17	224	5.92	38.9	111.6
1428794660	LOW	2	140	4.5	45.8	96.5
1428794660	MID	5	140	4.75	45.8	99.2
1428794660	HIGH	9	140	6.08	38.9	103.5
468748456	LOW	3	270	4.33	93.1	68.3
468748456	MID	8	270	5.75	75.0	75.6
468748456	HIGH	13	270	6.08	29.2	82.5
362625961	LOW	3	228	3.5	70.8	74.9
362625961	MID	7	228	5.17	55.6	80.8
362625961	HIGH	11	228	6.08	25.0	104.5
925265512	LOW	3	286	4.0	36.1	91.9
925265512	MID	8	286	4.67	27.8	94.4
925265512	HIGH	13	286	6.08	16.7	103.2
1134966045	LOW	2	212	6.08	55.6	82.3
1134966045	MID	6	212	6.08	30.6	87.2
1134966045	HIGH	10	212	6.08	12.5	92.7
700870378	LOW	3	226	6.08	56.9	103.3
700870378	MID	8	226	6.08	43.1	111.6
700870378	HIGH	14	226	6.08	43.1	120.5
358738793	LOW	5	243	6.08	4.2	94.6
358738793	MID	14	243	6.08	0.0	118.3
358738793	HIGH	23	243	6.08	0.0	144.3
498017594	LOW	4	235	3.5	94.4	42.5
498017594	MID	10	235	3.5	88.9	45.8
498017594	HIGH	17	235	3.5	73.6	52.4
691174960	LOW	3	172	0.67	87.5	53.3
691174960	MID	9	172	0.67	87.5	62.1
691174960	HIGH	15	172	0.67	68.1	82.0
636205482	LOW	3	372	0.33	91.7	59.9
636205482	MID	9	372	4.08	75.0	67.6
636205482	HIGH	15	372	5.75	54.2	78.9
979503358	LOW	3	309	0.33	83.3	70.4
979503358	MID	7	309	5.92	81.9	78.1
979503358	HIGH	12	309	6.08	13.9	103.8
561726116	LOW	2	224	0.92	52.8	74.8
561726116	MID	6	224	1.25	52.8	80.2
561726116	HIGH	10	224	3.5	44.4	88.7
899375450	LOW	3	328	1.92	84.7	69.2
899375450	MID	8	328	4.92	66.7	77.3
899375450	HIGH	13	328	6.08	6.9	87.2
1144354116	LOW	2	225	5.25	58.3	71.4
1144354116	MID	6	225	5.25	38.9	75.7
1144354116	HIGH	10	225	5.33	29.2	81.2
469158753	LOW	3	242	3.5	61.1	79.9
469158753	MID	8	242	4.33	48.6	85.6
469158753	HIGH	13	242	6.08	9.7	94.6
878647278	LOW	2	41	6.08	31.9	105.9
878647278	MID	6	41	6.08	12.5	121.1
878647278	HIGH	10	41	6.08	0.0	129.2
701101149	LOW	2	92	3.67	54.2	103.9
701101149	MID	4	92	5.33	47.2	108.3
701101149	HIGH	6	92	6.08	30.6	113.1
1046181856	LOW	3	360	0.0	84.7	47.4
1046181856	MID	9	360	0.0	81.9	56.3
1046181856	HIGH	15	360	3.83	81.9	68.8
993724756	LOW	3	175	3.0	75.0	86.5
993724756	MID	8	175	4.25	63.9	93.6
993724756	HIGH	13	175	6.08	0.0	102.9
701115065	LOW	2	78	6.08	55.6	110.5
701115065	MID	5	78	6.08	54.2	114.0
701115065	HIGH	9	78	6.08	38.9	119.6
1229028239	LOW	2	109	3.67	58.3	97.8
1229028239	MID	5	109	3.83	36.1	110.7
1229028239	HIGH	8	109	4.17	36.1	112.9
605797179	LOW	5	162	1.75	75.0	57.4
605797179	MID	15	162	3.25	54.2	74.5
605797179	HIGH	25	162	5.25	47.2	102.0
431800085	LOW	3	121	3.0	91.7	60.3
431800085	MID	8	121	3.5	91.7	67.1
431800085	HIGH	13	121	3.5	69.4	76.0
220545880	LOW	3	174	0.0	61.1	82.2
220545880	MID	7	174	4.92	59.7	88.5
220545880	HIGH	11	174	6.08	8.3	95.7
664687906	LOW	5	290	0.0	95.8	48.6
664687906	MID	15	290	1.08	90.3	60.9
664687906	HIGH	25	290	6.08	69.4	81.2
469271521	LOW	3	201	4.58	81.9	75.7
469271521	MID	7	201	4.83	52.8	80.5
469271521	HIGH	12	201	5.08	20.8	85.7
888051953	LOW	4	348	0.17	81.9	50.3
888051953	MID	12	348	0.17	80.6	60.9
888051953	HIGH	20	348	0.17	51.4	74.4
871677182	LOW	6	371	0.0	97.2	47.1
871677182	MID	17	371	0.33	69.4	60.8
871677182	HIGH	29	371	4.33	50.0	94.3
636207739	LOW	4	371	1.08	94.4	54.9
636207739	MID	11	371	4.17	87.5	66.4
636207739	HIGH	19	371	6.08	33.3	87.2
1479599474	LOW	2	130	6.08	31.9	125.0
1479599474	MID	6	130	6.08	26.4	126.9
1479599474	HIGH	10	130	6.08	22.2	129.2
701115066	LOW	2	78	6.08	45.8	120.0
701115066	MID	5	78	6.08	45.8	122.8
701115066	HIGH	9	78	6.08	33.3	127.4
769718625	LOW	6	273	3.17	79.2	61.6
769718625	MID	17	273	3.17	58.3	77.1
769718625	HIGH	28	273	3.17	19.4	100.8
903684723	LOW	3	239	2.83	83.3	68.4
903684723	MID	8	239	4.08	75.0	76.4
903684723	HIGH	13	239	6.08	25.0	85.5
678041623	LOW	2	209	1.5	68.1	58.4
678041623	MID	2	209	1.5	68.1	58.4
678041623	HIGH	4	209	5.92	63.9	80.3
1429251725	LOW	3	130	4.67	86.1	69.3
1429251725	MID	8	130	6.08	68.1	77.8
1429251725	HIGH	13	130	6.08	0.0	86.9
472445637	LOW	6	293	3.17	55.6	98.1
472445637	MID	16	293	3.17	45.8	106.9
472445637	HIGH	26	293	6.0	34.7	116.6
884138633	LOW	2	226	3.5	100.0	48.7
884138633	MID	1	226	1.25	100.0	45.0
884138633	HIGH	1	226	1.25	100.0	45.0
664687907	LOW	4	318	4.75	95.8	57.7
664687907	MID	12	318	4.92	88.9	65.5
664687907	HIGH	20	318	5.75	55.6	75.5
636223073	LOW	5	329	4.83	68.1	58.3
636223073	MID	14	329	4.83	44.4	68.4
636223073	HIGH	24	329	4.83	30.6	120.8
693480749	LOW	6	199	0.42	97.2	50.4
693480749	MID	18	199	2.33	94.4	65.9
693480749	HIGH	30	199	6.08	26.4	113.8
1067083841	LOW	3	193	6.08	43.1	98.3
1067083841	MID	8	193	6.08	34.7	102.8
1067083841	HIGH	13	193	6.08	0.0	112.9
801832680	LOW	2	224	4.83	54.2	74.6
801832680	MID	5	224	4.83	51.4	78.6
801832680	HIGH	9	224	5.58	44.4	85.1
663489464	LOW	3	239	4.83	62.5	81.5
663489464	MID	8	239	6.0	47.2	85.6
663489464	HIGH	13	239	6.08	11.1	89.8
475195388	LOW	3	224	2.67	66.7	80.4
475195388	MID	9	224	5.92	55.6	86.9
475195388	HIGH	15	224	6.08	4.2	95.4
693480755	LOW	5	219	1.42	94.4	48.8
693480755	MID	13	219	1.42	93.1	57.7
693480755	HIGH	22	219	2.08	80.6	73.2
1480619747	LOW	4	48	6.08	0.0	140.5
1480619747	MID	10	48	6.08	0.0	143.7
1480619747	HIGH	16	48	6.08	0.0	151.8
803489791	LOW	3	178	0.0	73.6	69.0
803489791	MID	8	178	3.42	65.3	76.8
803489791	HIGH	13	178	5.5	22.2	85.3
394541429	LOW	5	237	2.42	91.7	53.5
394541429	MID	13	237	2.42	87.5	65.4
394541429	HIGH	22	237	6.08	41.7	97.6
472445650	LOW	5	300	2.0	86.1	54.0
472445650	MID	14	300	2.0	73.6	63.0
472445650	HIGH	23	300	2.0	45.8	82.6
803639606	LOW	4	307	3.5	65.3	62.1
803639606	MID	12	307	6.08	59.7	74.5
803639606	HIGH	20	307	6.08	5.6	117.4
800212820	LOW	2	234	1.92	55.6	80.9
800212820	MID	6	234	2.5	34.7	85.2
800212820	HIGH	10	234	5.33	31.9	88.8
693480746	LOW	6	186	0.0	97.2	50.7
693480746	MID	18	186	2.08	88.9	63.0
693480746	HIGH	30	186	5.33	41.7	97.0
561457382	LOW	3	263	2.92	75.0	52.8
561457382	MID	7	263	2.92	75.0	58.7
561457382	HIGH	12	263	2.92	75.0	71.3
394541448	LOW	4	277	1.25	93.1	57.5
394541448	MID	12	277	1.25	81.9	66.5
394541448	HIGH	20	277	4.33	54.2	80.1
394541411	LOW	3	217	0.42	70.8	77.5
394541411	MID	9	217	3.17	69.4	83.6
394541411	HIGH	15	217	5.75	69.4	91.9
1235155502	LOW	2	137	6.08	37.5	86.5
1235155502	MID	5	137	6.08	36.1	89.3
1235155502	HIGH	9	137	6.08	26.4	91.3
1368621275	LOW	4	267	3.67	93.1	57.1
1368621275	MID	11	267	4.25	88.9	68.4
1368621275	HIGH	18	267	6.08	29.2	86.7
804788013	LOW	5	266	3.33	77.8	69.1
804788013	MID	13	266	4.17	43.1	87.9
804788013	HIGH	21	266	6.08	25.0	105.4
1514903839	LOW	4	230	6.08	56.9	82.5
1514903839	MID	12	230	6.08	54.2	91.7
1514903839	HIGH	20	230	6.08	45.8	103.5
1455422553	LOW	3	158	2.33	91.7	63.2
1455422553	MID	8	158	4.5	91.7	72.9
1455422553	HIGH	13	158	6.08	30.6	84.5
972154285	LOW	2	103	6.08	58.3	72.2
972154285	MID	3	103	6.08	58.3	73.7
972154285	HIGH	5	103	6.08	48.6	77.0
714714375	LOW	5	265	0.33	88.9	56.3
714714375	MID	15	265	2.25	86.1	69.1
714714375	HIGH	25	265	6.08	29.2	91.2
606583570	LOW	4	366	1.58	68.1	76.0
606583570	MID	12	366	3.83	63.9	84.4
606583570	HIGH	20	366	6.08	25.0	112.2
1044253257	LOW	3	351	6.08	36.1	87.6
1044253257	MID	8	351	6.08	29.2	90.6
1044253257	HIGH	13	351	6.08	19.4	97.5
182695694	LOW	3	376	4.75	77.8	71.2
182695694	MID	8	376	6.08	66.7	77.3
182695694	HIGH	13	376	6.08	13.9	83.8
691174962	LOW	6	166	1.33	100.0	52.5
691174962	MID	18	166	2.92	65.3	76.7
691174962	HIGH	30	166	6.08	27.8	118.9
1079940847	LOW	3	173	2.58	66.7	82.9
1079940847	MID	8	173	3.42	59.7	89.3
1079940847	HIGH	13	173	6.08	48.6	96.9
470093127	LOW	3	244	0.0	97.2	63.7
470093127	MID	8	244	4.67	87.5	73.3
470093127	HIGH	13	244	6.08	6.9	83.6
1427692214	LOW	5	306	6.08	47.2	88.5
1427692214	MID	13	306	6.08	27.8	98.9
1427692214	HIGH	21	306	6.08	9.7	122.5
677804236	LOW	2	236	5.17	25.0	87.7
677804236	MID	3	236	6.08	16.7	90.7
677804236	HIGH	5	236	6.08	6.9	104.2
1227326457	LOW	3	120	2.0	84.7	62.3
1227326457	MID	9	120	2.0	79.2	68.3
1227326457	HIGH	15	120	3.5	68.1	75.9
899359899	LOW	3	278	2.75	70.8	71.5
899359899	MID	8	278	4.92	63.9	80.6
899359899	HIGH	13	278	6.08	13.9	88.0
1479035281	LOW	4	101	5.08	73.6	83.1
1479035281	MID	12	101	5.92	69.4	89.3
1479035281	HIGH	20	101	6.08	36.1	99.6
684421222	LOW	3	115	0.42	69.4	92.4
684421222	MID	8	115	4.33	68.1	100.1
684421222	HIGH	13	115	6.08	0.0	109.1
899359898	LOW	3	288	0.0	94.4	59.9
899359898	MID	8	288	3.92	88.9	70.6
899359898	HIGH	13	288	5.83	13.9	82.0
701115084	LOW	3	86	2.58	56.9	92.3
701115084	MID	9	86	3.92	56.9	111.0
701115084	HIGH	15	86	5.42	15.3	119.4
802719253	LOW	3	136	5.58	56.9	99.1
802719253	MID	8	136	5.58	52.8	104.7
802719253	HIGH	13	136	6.08	5.6	111.1
775687307	LOW	3	301	3.92	77.8	71.7
775687307	MID	7	301	5.5	69.4	77.9
775687307	HIGH	12	301	6.08	0.0	86.4
900203760	LOW	3	279	3.67	70.8	74.5
900203760	MID	7	279	5.42	61.1	80.3
900203760	HIGH	12	279	6.08	0.0	88.1
1427784401	LOW	2	228	6.08	23.6	94.2
1427784401	MID	6	228	6.08	8.3	96.3
1427784401	HIGH	10	228	6.08	0.0	98.3
469650428	LOW	3	133	5.58	75.0	61.8
469650428	MID	8	133	5.58	72.2	67.9
469650428	HIGH	13	133	5.58	63.9	76.2
1434834017	LOW	3	145	5.42	19.4	103.3
1434834017	MID	7	145	5.75	19.4	105.1
1434834017	HIGH	11	145	6.08	18.1	113.0
664676366	LOW	5	313	2.0	98.6	56.4
664676366	MID	14	313	2.92	80.6	68.0
664676366	HIGH	23	313	6.08	19.4	82.6
899375419	LOW	2	195	6.08	29.2	111.4
899375419	MID	3	195	6.08	26.4	113.2
899375419	HIGH	5	195	6.08	0.0	115.8
692770092	LOW	6	186	3.83	72.2	65.2
692770092	MID	18	186	3.83	72.2	81.7
692770092	HIGH	30	186	5.75	58.3	101.2
887930251	LOW	3	193	0.33	95.8	50.5
887930251	MID	7	193	0.33	95.8	57.8
887930251	HIGH	11	193	0.5	94.4	67.1
541688432	LOW	5	336	0.67	90.3	53.4
541688432	MID	13	336	0.67	84.7	68.1
541688432	HIGH	22	336	6.08	15.3	97.1
491030707	LOW	3	276	3.25	98.6	65.8
491030707	MID	8	276	5.17	87.5	73.6
491030707	HIGH	13	276	6.08	45.8	80.2
1444024274	LOW	2	270	0.5	69.4	72.3
1444024274	MID	6	270	1.17	55.6	78.0
1444024274	HIGH	10	270	6.08	43.1	84.4
691912349	LOW	6	156	3.17	43.1	106.2
691912349	MID	16	156	3.17	31.9	131.0
691912349	HIGH	26	156	5.75	23.6	141.7
899375446	LOW	3	328	3.08	75.0	68.2
899375446	MID	8	328	5.08	58.3	76.1
899375446	HIGH	13	328	6.08	15.3	84.7
192743514	LOW	2	134	1.5	41.7	112.5
192743514	MID	6	134	5.42	34.7	116.7
192743514	HIGH	10	134	6.08	2.8	121.5
1479453558	LOW	4	139	6.08	29.2	118.9
1479453558	MID	10	139	6.08	27.8	122.2
1479453558	HIGH	16	139	6.08	23.6	126.3
636223072	LOW	4	341	4.42	80.6	52.9
636223072	MID	11	341	4.42	75.0	60.5
636223072	HIGH	18	341	4.58	47.2	88.8
1077632516	LOW	2	343	4.17	47.2	80.6
1077632516	MID	6	343	6.08	15.3	85.5
1077632516	HIGH	10	343	6.08	0.0	87.9
1432581216	LOW	3	264	0.0	58.3	65.6
1432581216	MID	7	264	0.17	55.6	68.8
1432581216	HIGH	11	264	0.17	52.8	77.9
1080859549	LOW	5	293	5.92	56.9	82.8
1080859549	MID	14	293	5.92	52.8	101.2
1080859549	HIGH	23	293	5.92	30.6	119.6
469915277	LOW	3	56	6.08	40.3	99.4
469915277	MID	9	56	6.08	40.3	105.3
469915277	HIGH	15	56	6.08	19.4	124.1
1079940843	LOW	3	165	5.33	51.4	100.4
1079940843	MID	8	165	6.08	41.7	104.5
1079940843	HIGH	13	165	6.08	20.8	109.8
803489800	LOW	2	163	2.67	87.5	66.5
803489800	MID	6	163	3.0	86.1	72.8
803489800	HIGH	10	163	4.67	73.6	80.0
903684725	LOW	3	258	2.42	100.0	63.3
903684725	MID	8	258	4.67	94.4	72.0
903684725	HIGH	13	258	6.0	36.1	79.8
714714363	LOW	4	226	4.17	65.3	76.8
714714363	MID	10	226	6.08	63.9	83.5
714714363	HIGH	17	226	6.08	44.4	104.5
498015784	LOW	4	220	3.0	95.8	31.1
498015784	MID	11	220	3.67	95.8	36.2
498015784	HIGH	18	220	4.08	90.3	46.3
899363512	LOW	2	217	5.08	75.0	73.4
899363512	MID	3	217	5.92	63.9	76.2
899363512	HIGH	5	217	6.08	34.7	81.9
1171068243	LOW	2	307	0.0	73.6	68.2
1171068243	MID	6	307	0.67	73.6	72.4
1171068243	HIGH	10	307	2.25	69.4	77.0
1479035294	LOW	5	94	0.92	86.1	67.9
1479035294	MID	14	94	2.33	80.6	78.5
1479035294	HIGH	23	94	6.08	47.2	101.1
676938582	LOW	2	290	2.25	80.6	70.4
676938582	MID	1	290	2.25	87.5	66.9
676938582	HIGH	2	290	2.25	80.6	70.4
370438763	LOW	2	283	5.08	79.2	76.6
370438763	MID	5	283	5.75	69.4	82.1
370438763	HIGH	8	283	6.08	20.8	87.5
436407189	LOW	2	167	3.42	87.5	68.1
436407189	MID	6	167	5.0	70.8	75.8
436407189	HIGH	10	167	6.08	0.0	84.3
1455422560	LOW	3	156	2.0	61.1	87.4
1455422560	MID	8	156	4.08	59.7	97.7
1455422560	HIGH	13	156	6.08	15.3	105.6
193180223	LOW	2	135	3.0	84.7	67.7
193180223	MID	6	135	3.58	73.6	74.5
193180223	HIGH	10	135	6.08	31.9	82.4
1077382414	LOW	3	273	3.5	58.3	67.2
1077382414	MID	8	273	3.5	44.4	76.0
1077382414	HIGH	14	273	4.75	41.7	84.6
443026473	LOW	4	367	0.67	77.8	53.5
443026473	MID	11	367	4.17	62.5	66.0
443026473	HIGH	19	367	4.92	54.2	85.7
1479251294	LOW	3	132	1.25	84.7	55.2
1479251294	MID	8	132	1.25	81.9	60.7
1479251294	HIGH	13	132	3.5	65.3	70.6
979503363	LOW	3	299	6.08	55.6	91.9
979503363	MID	8	299	6.08	48.6	98.4
979503363	HIGH	13	299	6.08	13.9	114.2
1368621265	LOW	4	265	1.0	84.7	58.5
1368621265	MID	11	265	1.0	73.6	68.9
1368621265	HIGH	18	265	4.92	37.5	103.9
775687306	LOW	3	305	4.08	65.3	76.1
775687306	MID	7	305	5.5	58.3	81.6
775687306	HIGH	12	305	6.08	0.0	89.2
1089003966	LOW	3	189	0.5	51.4	81.3
1089003966	MID	8	189	2.42	47.2	86.4
1089003966	HIGH	14	189	6.08	31.9	106.4
769718620	LOW	5	237	1.92	86.1	56.8
769718620	MID	15	237	1.92	77.8	68.4
769718620	HIGH	25	237	4.92	34.7	111.7
1100958887	LOW	4	397	1.0	97.2	54.0
1100958887	MID	11	397	4.0	84.7	63.6
1100958887	HIGH	18	397	5.92	51.4	82.9
701115068	LOW	3	79	3.75	80.6	80.5
701115068	MID	7	79	6.08	75.0	88.0
701115068	HIGH	12	79	6.08	47.2	120.2
498019758	LOW	5	226	0.67	61.1	63.5
498019758	MID	15	226	2.08	61.1	88.8
498019758	HIGH	25	226	4.92	30.6	107.7
1435058298	LOW	2	260	1.58	65.3	77.2
1435058298	MID	5	260	3.67	63.9	82.9
1435058298	HIGH	8	260	4.92	50.0	89.6
370330265	LOW	2	362	6.08	61.1	75.5
370330265	MID	5	362	6.08	52.8	79.9
370330265	HIGH	8	362	6.08	20.8	87.1
684421225	LOW	3	120	1.92	91.7	69.6
684421225	MID	8	120	4.5	75.0	78.4
684421225	HIGH	13	120	6.08	0.0	88.5
1479452539	LOW	5	88	6.08	33.3	124.3
1479452539	MID	13	88	6.08	13.9	132.2
1479452539	HIGH	21	88	6.08	0.0	147.7
803489778	LOW	3	184	0.92	76.4	76.0
803489778	MID	8	184	4.75	76.4	84.3
803489778	HIGH	13	184	6.08	8.3	94.4
693480747	LOW	6	197	2.67	83.3	57.1
693480747	MID	18	197	2.67	81.9	72.5
693480747	HIGH	30	197	5.17	47.2	103.1
1479249863	LOW	8	138	4.08	37.5	90.1
1479249863	MID	24	138	6.08	20.8	114.0
1479249863	HIGH	40	138	6.08	12.5	158.9
1298891623	LOW	2	75	4.17	52.8	108.3
1298891623	MID	5	75	6.08	44.4	112.3
1298891623	HIGH	9	75	6.08	9.7	118.3
1479043733	LOW	3	132	6.08	37.5	117.6
1479043733	MID	7	132	6.08	20.8	119.4
1479043733	HIGH	12	132	6.08	19.4	121.5
701096918	LOW	3	106	1.92	58.3	90.4
701096918	MID	8	106	5.17	58.3	106.5
701096918	HIGH	13	106	6.08	27.8	115.8
1080486984	LOW	4	199	0.33	72.2	63.6
1080486984	MID	10	199	3.33	65.3	74.3
1080486984	HIGH	16	199	6.08	29.2	104.5
362436554	LOW	2	227	4.33	86.1	72.1
362436554	MID	5	227	5.67	61.1	77.9
362436554	HIGH	8	227	6.08	18.1	82.9
803639600	LOW	4	299	0.0	97.2	53.4
803639600	MID	10	299	1.75	95.8	65.7
803639600	HIGH	16	299	5.17	45.8	81.2
469650440	LOW	5	141	4.67	43.1	88.7
469650440	MID	13	141	6.08	31.9	106.5
469650440	HIGH	21	141	6.08	12.5	137.2
471715977	LOW	3	206	6.08	36.1	101.3
471715977	MID	9	206	6.08	34.7	105.4
471715977	HIGH	15	206	6.08	0.0	116.1
1479612456	LOW	3	127	0.75	79.2	75.6
1479612456	MID	8	127	5.92	73.6	82.6
1479612456	HIGH	13	127	6.08	36.1	89.8
691174967	LOW	6	165	0.83	88.9	59.5
691174967	MID	18	165	2.17	75.0	78.1
691174967	HIGH	30	165	6.08	40.3	109.0
468746617	LOW	2	295	2.58	72.2	80.1
468746617	MID	4	295	2.58	70.8	83.9
468746617	HIGH	7	295	2.58	34.7	90.1
938748242	LOW	2	84	6.08	11.1	141.7
938748242	MID	6	84	6.08	2.8	142.4
938748242	HIGH	10	84	6.08	2.8	143.0
896105520	LOW	3	131	6.08	45.8	87.5
896105520	MID	8	131	6.08	41.7	92.8
896105520	HIGH	13	131	6.08	0.0	99.0
663489513	LOW	4	224	1.92	76.4	61.2
663489513	MID	11	224	3.42	72.2	72.9
663489513	HIGH	19	224	6.08	44.4	93.6
883726457	LOW	3	321	5.0	87.5	71.5
883726457	MID	8	321	5.33	72.2	77.6
883726457	HIGH	13	321	5.83	27.8	83.3
939568521	LOW	3	115	0.17	68.1	78.3
939568521	MID	8	115	4.92	63.9	85.4
939568521	HIGH	13	115	5.33	18.1	96.0
633181639	LOW	2	151	4.92	29.2	102.4
633181639	MID	5	151	4.92	26.4	104.7
633181639	HIGH	9	151	4.92	26.4	109.1
1079940856	LOW	3	130	4.92	58.3	90.6
1079940856	MID	8	130	5.42	45.8	95.1
1079940856	HIGH	13	130	6.08	4.2	102.8
664696235	LOW	6	297	2.25	86.1	57.6
664696235	MID	17	297	2.25	68.1	76.2
664696235	HIGH	28	297	5.58	37.5	93.4
1078142381	LOW	2	200	6.08	12.5	109.6
1078142381	MID	6	200	6.08	0.0	110.5
1078142381	HIGH	10	200	6.08	0.0	115.1
676730674	LOW	2	282	6.08	58.3	92.3
676730674	MID	2	282	6.08	58.3	92.3
676730674	HIGH	4	282	6.08	51.4	99.3
1312584731	LOW	3	112	5.33	19.4	108.2
1312584731	MID	7	112	6.08	9.7	112.2
1312584731	HIGH	12	112	6.08	5.6	116.3
472434692	LOW	5	292	1.08	79.2	59.4
472434692	MID	15	292	1.08	66.7	68.7
472434692	HIGH	25	292	3.0	48.6	93.9
1235155520	LOW	3	140	4.83	55.6	82.2
1235155520	MID	7	140	5.25	51.4	86.3
1235155520	HIGH	11	140	6.08	37.5	91.4
192760523	LOW	2	135	5.5	87.5	72.4
192760523	MID	3	135	5.83	63.9	74.5
192760523	HIGH	5	135	6.08	56.9	78.0
887930253	LOW	2	194	0.33	97.2	55.7
887930253	MID	6	194	1.42	94.4	62.1
887930253	HIGH	10	194	2.08	91.7	69.3
1455441006	LOW	2	90	4.33	77.8	84.7
1455441006	MID	5	90	5.42	62.5	90.4
1455441006	HIGH	9	90	6.08	6.9	98.0
468748458	LOW	3	271	2.58	95.8	68.6
468748458	MID	8	271	5.25	80.6	75.8
468748458	HIGH	13	271	6.08	22.2	83.2
