aptSeq	apt_name	build_year	n_trades	n_dong	n_with_height	total_flats	osm_year_median	max_levels	mean_dist
11680-101	한신오페라하우스	2003.0	1	6.0	4	154	2003.0	12	49.71967930900146
11680-104	거평프리젠	1996.0	4	3.0	2	405	2020.0	15	57.819230195815415
11680-105	경남논현	1996.0	5	3.0	3	118	1997.0	22	119.94475726902358
11680-109	신동아(22)	1997.0	36	6.0	6	646	1997.0	13	67.03198698432182
11680-121	동현아파트1~6	1985.0	14	5.0	5	464	1986.0	14	121.78445833588145
11680-124	삼성빌라트	1998.0	2	1.0	0	0			72.68023364974393
11680-128	세호시티라이프	1996.0	1	1.0	1	245	2012.0	11	70.73502676005621
11680-136	쌍용	1996.0	7	1.0	1	111	1996.0	12	27.64157964338164
11680-1364	아람손프라자/비바빌	2001.0	1	1.0	0	0			43.75214768766021
11680-137	논현빌라트	1999.0	1						
11680-141	청학아파트에이동,비동,씨동	1976.0	4	5.0	5	72	2020.0	19	49.79010930180511
11680-15	신사동씨티빌	2002.0	1	2.0	2	157	1991.0	12	196.24759610720622
11680-158	논현베르빌	2002.0	3	3.0	3	368	2020.0	15	120.64765379688298
11680-160	논현한가람빌라트	2002.0	1	2.0	0	0			22.43159556009459
11680-161	우민	2002.0	4	1.0	1	70	2002.0	6	2.3776277520305915
11680-164	테크노빌라트	2002.0	1						
11680-168	삼성동롯데아파트	2000.0	9	3.0	3	339	2000.0	20	42.490543845175445
11680-172	강변삼부아파트	2000.0	4	5.0	5	167	1999.0	20	47.45398150519313
11680-177	서광아파트	1998.0	11	2.0	2	222	2011.0	20	59.755019506747544
11680-178	석탑아파트101동	1996.0	2						
11680-179	세방타운하우스	1998.0	1	1.0	1	19	1998.0	10	135.96561221808025
11680-18	알파임하우스1	2002.0	3	1.0	1	19	2002.0	10	7.975294792695639
11680-180	삼성파크	2001.0	3	3.0	1	114	2001.0	13	65.4477081233127
11680-187	진흥아파트	1984.0	8	6.0	6	366	1984.0	15	110.89908948472112
11680-189	청구아파트	1992.0	3	5.0	5	413	1992.0	20	67.28203089813192
11680-190	푸른솔아파트1동	1996.0	1						
11680-191	풍림(1차)	1998.0	10	3.0	1	252	1998.0	19	45.15228487024325
11680-192	삼성풍림2차아파트	1998.0	1	1.0	0	0			2.329122048886379
11680-193	풍림	1997.0	1	1.0	1	44	1997.0	9	3.62527178237493
11680-194	삼성동한솔아파트	1998.0	11	2.0	2	263	1998.0	19	51.4903151418633
11680-195	한일	2001.0	10	1.0	1	127	2001.0	15	5.483570266447857
11680-197	현대아파트101동	1999.0	2	2.0	2	238	2001.0	19	32.419046642071805
11680-2	압구정대원칸타빌아파트	2001.0	6	2.0	2	130	2001.0	17	20.960866652967603
11680-20	미성2차	1987.0	8	11.0	11	940	1987.0	17	150.37145895183716
11680-205	대치삼성	2000.0	19	14.0	14	971	2000.0	25	95.57389698272883
11680-206	대치현대	1999.0	13	7.0	7	589	1999.0	24	69.85182586517094
11680-207	대치효성	1999.0	1	2.0	2	124	1999.0	17	39.76551896601624
11680-21	한양6	1980.0	4	7.0	7	626	1980.0	13	95.60993333651358
11680-211	선경1차(1동-7동)	1983.0	7	15.0	15	1509	1983.0	15	166.45043566914853
11680-212	선경3차	1990.0	5	2.0	1	0		10	46.426377390316375
11680-213	세영팔레스타운	2002.0	2	1.0	1	67	2002.0	13	3.081052135265086
11680-214	쌍용대치2	1983.0	4	5.0	5	420	1984.0	14	80.4938609706787
11680-216	개포우성2	1984.0	6	11.0	11	930	1983.0	15	151.8714490354729
11680-217	대치우성아파트1동,2동,3동,5동,6동,7동	1984.0	11	5.0	5	323	1984.0	17	66.93070997813379
11680-218	은마	1979.0	42	15.0	15	2044	1979.0	14	182.44022082489477
11680-222	한보미도맨션1	1983.0	20	17.0	17	2491	1985.0	14	170.87776939565455
11680-225	현대1	1990.0	10	2.0	2	210	1989.5	16	39.85036090298953
11680-228	롯데캐슬	2002.0	4	4.0	4	230	2002.0	22	40.49251131623599
11680-233	거평빌라트	1996.0	1						
11680-236	대림역삼	1997.0	5	1.0	1	129	1997.0	18	4.720102590429325
11680-24	구산	1993.0	1	3.0	2	32	2004.5	16	24.70483357320575
11680-249	한화진넥스빌	2001.0	13	2.0	2	327	2000.0	26	35.0868565405981
11680-25	골든아트빌	2000.0	1	2.0	1	0		5	31.62423851836708
11680-251	한스빌(836)	1996.0	7	7.0	7	1304	2010.0	15	70.28436644643902
11680-252	현대까르띠에710	2001.0	5	4.0	4	192	2001.0	26	52.361695022519065
11680-259	현대휴먼터치빌	1999.0	2	3.0	3	635	2021.0	18	57.90117438790441
11680-260	풍림지오빌	2002.0	1	2.0	2	27	2006.0	10	194.81570135855944
11680-266	로얄빌리지	2002.0	1						
11680-267	역삼동하나빌	2002.0	4	5.0	5	431	2016.0	16	77.03701587333146
11680-269	세방하이빌1	2003.0	3	6.0	1	48	2003.0	13	70.23194376689467
11680-274	트레벨	2002.0	4	1.0	0	0			2.053818887221631
11680-275	대우디오빌	2002.0	36	3.0	3	538	2021.0	26	39.40342323069981
11680-276	경남아너스빌	2002.0	8	1.0	1	164	2002.0	17	0.723551026282002
11680-277	경남1	1984.0	5	2.0	2	150	1984.0	15	74.41368834328604
11680-278	경남2차	1984.0	1	2.0	2	168	1984.0	15	61.373773571264906
11680-279	삼익대청아파트	1992.0	31	7.0	7	941	1992.0	15	94.48792105545094
11680-280	성원대치2단지아파트	1992.0	79	11.0	11	1606	1992.0	15	146.33851587784022
11680-283	개포우성3차	1984.0	3	7.0	7	270	1984.0	21	133.9663663582076
11680-285	우성8	1987.0	3	3.0	3	261	1987.0	9	41.03917151184129
11680-290	개포주공6단지	1983.0	16	14.0	14	1496	1983.0	15	145.27362656592138
11680-292	현대1차101동~106동	1984.0	9	13.0	13	815	1984.0	21	113.29642743334577
11680-293	현대2	1986.0	7	9.0	9	473	1986.0	12	132.5279395137527
11680-294	현대아파트3	1986.0	2	6.0	6	288	1986.0	15	88.00653687929982
11680-298	개포현대6차	1993.0	1						
11680-299	가람	1993.0	5	15.0	15	706	1993.0	15	99.93354418242689
11680-3	로데오현대	1998.0	10	1.0	1	222	1998.0	17	6.413718449611104
11680-30	목화	1995.0	2	3.0	3	56	1995.0	13	34.92744088739397
11680-301	목련타운	1993.0	6	4.0	4	324	1993.0	15	59.03209980171145
11680-302	삼성	1986.0	2	5.0	4	80	1986.0	5	93.33646490734832
11680-303	상록수	1993.0	9	33.0	24	906	1993.0	15	187.57551010792304
11680-304	샘터마을	1994.0	10	7.0	7	482	1994.0	15	79.65127744690416
11680-305	수서	1992.0	27	21.0	20	2934	1992.0	15	149.2167774469342
11680-306	우성7	1987.0	5	10.0	10	1267	1987.0	26	94.10364741633171
11680-308	푸른마을아파트101동~111동	1994.0	32	11.0	11	910	1994.0	15	124.45586642257125
11680-309	한솔마을	1994.0	13	19.0	19	570	1994.0	5	151.7945614806661
11680-310	개포한신	1984.0	9	5.0	5	448	1984.0	14	66.97596788378647
11680-311	현대4	1987.0	4	6.0	6	428	1987.0	14	116.49700370535037
11680-314	까치마을	1993.0	92	9.0	9	1519	1993.0	15	112.43390608205243
11680-315	동익	1993.0	4	6.0	6	599	1993.0	15	91.37074923631253
11680-316	삼성	1997.0	11	12.0	12	680	1997.0	15	100.7230221396378
11680-317	삼익	1992.0	20	21.0	21	3789	1992.0	20	154.8717854751964
11680-3176	학동	2005.0	1	1.0	1	39	2005.0	15	200.4897858195155
11680-318	수서한아름	1993.0	7	11.0	11	1713	1993.0	17	164.6824005273686
11680-319	신동아	1992.0	46	6.0	6	894	1992.0	15	77.27517717238067
11680-32	청담동삼성1차(101동)	1997.0	3	1.0	1	158	1997.0	19	0.005284875752499658
11680-320	경남	2005.0	4	4.0	4	348	2005.0	22	48.54559319659078
11680-322	대림	1992.0	1	2.0	2	197	1992.0	14	51.83171153627248
11680-323	대림아크로빌	1999.0	6	2.0	2	490	1999.0	46	27.449880776580134
11680-327	럭키(963)	1995.0	21	4.0	4	599	1995.0	15	109.45620790206402
11680-328	매봉삼성	1999.0	8	2.0	2	132	2002.0	25	42.0322269346476
11680-33	삼성청담아파트	1999.0	5	1.0	1	105	1999.0	18	11.509249641148976
11680-330	삼성	1994.0	3	2.0	2	186	1994.0	12	35.65417870802698
11680-331	삼성래미안	2001.0	9	10.0	10	732	2001.0	24	69.09564074634385
11680-332	삼익	1983.0	3	2.0	2	247	1983.0	13	53.06681059090921
11680-337	우성4	1985.0	3	6.0	6	387	1985.0	9	130.85063359190556
11680-338	우성사원5	1986.0	4	14.0	14	845	1985.5	19	98.44054193885152
11680-339	도곡우성아파트	1986.0	3	2.0	2	390	1986.0	15	56.89516357427453
11680-34	삼성청담공원아파트	1999.0	8	10.0	10	420	1999.0	15	90.95079956799617
11680-340	우성캐릭터199	1998.0	3	3.0	3	297	1998.0	31	64.36670673789632
11680-344	중명하니빌	1997.0	3	2.0	1	111	1997.0	9	79.04720235928275
11680-348	포스코트	2002.0	3	1.0	1	64	2002.0	17	1.0545275855438927
11680-349	한신(개포)	1985.0	19	3.0	3	188	1985.0	9	86.83669563416429
11680-350	한신엠비씨	1988.0	6	5.0	5	421	1988.0	15	85.21084576164584
11680-351	현대아파트1동~3동	1994.0	2	9.0	9	706	1995.0	15	104.07318362208305
11680-352	현대그린1	2006.0	5	1.0	1	171	2006.0	18	27.993671998568978
11680-354	현대비젼21	1999.0	13	2.0	2	279	1998.5	27	26.278192336732886
11680-355	도곡현대힐스테이트103동	1996.0	2	8.0	4	105	1996.0	12	52.28050943987345
11680-3559	선경2차(8동-12동)	1985.0	5	1.0	1	84	1983.0	15	177.67932682794608
11680-3570	역삼동월드메르디앙	2005.0	1	1.0	1	93	2005.0	12	24.596681809553083
11680-3574	휴먼스타빌	2005.0	1	2.0	1	191	2005.0	27	88.88826656746893
11680-3578	대우멤버스카운티301	2005.0	1	3.0	0	0			82.62953192373651
11680-3583	삼성웰피아	2005.0	1	2.0	0	0			16.318139172255833
11680-3592	e-편한세상	2005.0	5	2.0	2	273	2010.0	17	63.9525313063716
11680-3600	파크힐	2005.0	4	3.0	3	72	2006.0	13	60.327943731461936
11680-3621	역삼래미안	2005.0	17	16.0	16	1348	2005.0	25	112.28372548148354
11680-3622	e-편한세상	2005.0	15	5.0	5	368	2005.0	24	47.457196571522914
11680-3623	도곡렉슬	2006.0	67	28.0	28	2240	2006.0	25	159.4523691212496
11680-3624	래미안삼성1차(105-0)	2005.0	5	3.0	3	109	2006.0	15	119.43587021575587
11680-3626	강남한솔	2006.0	1						
11680-3628	블루밍하우스	2006.0	1						
11680-3633	청담2차이-편한세상(204동)	2005.0	5	5.0	3	164	2006.0	15	70.55187183856518
11680-364	타워팰리스1	2002.0	14	3.0	3	920	2002.0	66	68.23137904078696
11680-3641	삼성동롯데캐슬킹덤	2005.0	3	3.0	3	118	2005.0	13	54.23076938422968
11680-3643	역삼푸르지오	2006.0	19	9.0	9	600	2006.0	24	66.65588086962026
11680-3645	삼성동신영지웰	2005.0	2	2.0	2	36	2016.5	17	103.53110441951301
11680-3647	SK허브프리모	2006.0	11	4.0	4	612	2022.5	22	161.99567056977716
11680-365	타워팰리스2	2003.0	9	3.0	3	1188	2003.0	59	79.08837207393819
11680-3651	래미안삼성1차(103-22)	2006.0	3	7.0	6	178	2006.0	15	54.957887699744006
11680-3660	우찬현대(1260-2)	2006.0	2						
11680-3665	영무예다음	2006.0	1	2.0	2	45	2006.0	9	19.012557228808145
11680-3667	동양파라곤	2006.0	3	4.0	4	250	2006.0	18	80.18290275672621
11680-3672	신성미소시티	2006.0	1	2.0	2	90	2005.0	18	58.93233296913999
11680-3678	개나리푸르지오	2006.0	7	8.0	8	503	2006.0	25	79.95902139543719
11680-3679	역삼I'PARK	2006.0	21	4.0	4	382	2006.0	21	59.69190834606435
11680-368	삼호빌라B동	1997.0	1	5.0	4	70	1997.0	14	100.12944920579916
11680-3680	개나리래미안	2006.0	4	6.0	6	387	2006.0	22	61.27183745371096
11680-3683	역삼디오슈페리움	2006.0	1	27.0	27	4869	2014.0	34	180.38251616308938
11680-3686	래미안삼성1차(201동)	2006.0	1	4.0	3	169	2006.0	20	136.91456576696748
11680-3690	논현프라임아파트	2006.0	1						
11680-3697	선릉역풍림아이원레몬	2006.0	1	3.0	3	803	2004.0	22	32.075998647103525
11680-3698	삼환SOGOOD	2006.0	1	1.0	1	37	2006.0	15	7.937081892905557
11680-3704	청담2차이-편한세상(205동)	2006.0	1	2.0	2	60	2006.0	12	37.94735287011263
11680-3705	한화꿈에그린2차	2006.0	2	1.0	0	0			2.5808652672908505
11680-3709	채널리저브	2007.0	1	6.0	6	779	2007.0	23	131.29639320284062
11680-371	개포2차현대아파트(220)	1988.0	2	11.0	11	322	1986.0	21	115.02770976371681
11680-372	개포우성1	1983.0	8	2.0	2	120	1983.5	15	138.97691982742865
11680-3721	쎄비앙102동	2007.0	1	2.0	0	0			12.253458997313366
11680-3722	쌍용플레티넘밸류	2007.0	7	12.0	12	923	2007.0	21	158.89005282054742
11680-3726	논현파라곤	2007.0	5	3.0	3	288	2007.0	20	64.51613119510581
11680-3728	롯데캐슬노블	2007.0	11	2.0	2	117	2007.0	15	36.04720107120189
11680-373	쌍용대치아파트1동,2동,3동,5동,6동	1983.0	8	6.0	6	742	1983.0	15	91.6712917655163
11680-3730	논현동월드메르디앙	2007.0	2	1.0	1	82	2007.0	13	3.6350940246736823
11680-3731	도곡스타클래스	2007.0	9	4.0	4	239	2006.5	20	88.14049661356023
11680-3732	래미안삼성2차	2007.0	8	13.0	13	634	2007.0	24	90.31886029752776
11680-3733	롯데캐슬프레미어	2007.0	14	7.0	7	424	2007.0	22	100.09996897825977
11680-3734	도곡1차아이파크	2007.0	3	7.0	6	374	2007.0	27	132.35629989779332
11680-3739	롯데캐슬리베	2008.0	3	7.0	7	802	2006.0	25	164.74916860926106
11680-3741	도곡3차아이파크	2007.0	1	3.0	3	72	2007.0	9	51.01039781114873
11680-3752	대치아이파크	2008.0	13	12.0	12	862	2008.0	25	121.97074490679454
11680-3760	역삼2차아이파크	2008.0	3	4.0	4	169	2008.0	26	45.61176792021707
11680-3766	래미안펜타빌	2007.0	5	7.0	7	399	2007.0	24	78.28629549972018
11680-3773	청담3차이-편한세상(301동)	2007.0	2	1.0	1	49	2007.0	9	0.03011557778820089
11680-378	한양1차(영동한양)	1977.0	14	13.0	13	1104	1978.0	13	87.4003466873026
11680-3780	하이캐슬	2008.0	1	2.0	1	49	2008.0	11	21.753709020195235
11680-379	한양2	1978.0	3	5.0	5	314	1978.0	12	83.47887513022422
11680-380	한양3	1978.0	6						
11680-381	한양4	1978.0	2						
11680-382	한양5	1979.0	1	7.0	7	559	1979.0	15	82.99216496957231
11680-3830	현대힐스테이트2단지	2008.0	23	12.0	12	926	2008.0	23	107.8821118525605
11680-3834	삼성동힐스테이트 1단지	2008.0	43	17.0	17	1149	2008.0	23	130.04043564531378
11680-384	한양7	1981.0	2	2.0	2	239	1981.0	12	36.9101287154148
11680-3840	네오블로썸	2009.0	1	4.0	3	76	2018.0	13	122.81412162583152
11680-3843	논현웰스톤	2009.0	2	2.0	0	0			24.19559955242971
11680-3844	로체샤르캐슬	2009.0	1						
11680-385	미성1차	1982.0	2	3.0	3	322	1982.0	14	61.74896294066064
11680-3871	래미안그레이튼	2009.0	5	8.0	6	338	2009.0	21	60.235878669513625
11680-3879	도곡지웰카운티101동	2010.0	2	1.0	1	19	2009.0	20	277.853688505646
11680-3899	마크힐스이스트윙	2010.0	1	4.0	4	76	2009.5	22	93.54077379598813
11680-3905	래미안그레이튼(진달래2차)	2010.0	9	7.0	6	542	2011.0	34	129.66883395228754
11680-391	개포주공5단지	1983.0	12	6.0	5	800	1983.0	14	92.15040838090455
11680-392	동부센트레빌	2003.0	9	4.0	4	160	2003.0	23	37.87187856141576
11680-3923	삼성동신도브래뉴	2010.0	1						
11680-394	풍림아이원아파트	2003.0	1	2.0	0	0			12.005960938042056
11680-3946	청담4차이-편한세상	2011.0	3	2.0	2	94	2011.0	15	27.59201717743979
11680-395	풍림아이원1차103동(910-5)	2003.0	1	1.0	0	0			1.7417647431053616
11680-3953	세곡리엔파크(3단지)	2011.0	1	7.0	7	363	2011.0	14	100.00170349115368
11680-3958	이산	2011.0	2	1.0	1	124	2013.0	19	148.90640418670975
11680-396	풍림아이원2차202동	2003.0	1	2.0	0	0			14.657304988270004
11680-3962	도곡쌍용예가	1978.0	7	5.0	5	384	1978.0	13	58.100911901431985
11680-3964	강남신동아파밀리에2단지	2011.0	2	9.0	9	487	2011.0	14	81.91253498284316
11680-3965	강남신동아파밀리에1단지	2011.0	2	9.0	9	573	2011.0	13	93.54654535934576
11680-399	롯데캐슬모닝	2003.0	2	1.0	1	46	2003.0	11	0.5053669116511725
11680-400	금호어울림	2003.0	1	2.0	2	109	2004.0	11	31.75859122578293
11680-4003	강남데시앙파크	2011.0	13	17.0	17	657	2011.0	13	101.06262411855614
11680-4004	청담자이	2011.0	19	5.0	5	708	2011.0	35	68.6384446948188
11680-401	미켈란107	2003.0	1						
11680-403	쌍용플래티넘	2003.0	1	3.0	3	161	2003.0	21	47.456863346032385
11680-4036	대명벨리온	2012.0	1	1.0	1	78	2023.0	14	102.82820754604862
11680-404	포스코트	2003.0	1	1.0	1	72	2003.0	22	4.0769658000046896
11680-4050	강남서해그랑블	2012.0	2	1.0	1	68	2012.0	10	9.991411769976603
11680-407	삼부아그레빌	2003.0	3	3.0	3	105	1992.0	14	76.09162325746462
11680-4082	상지리츠빌카일룸(65-4)	2012.0	1	1.0	1	13	2012.0	15	1.575102024039664
11680-4084	개나리SK뷰	2012.0	2	3.0	3	240	2012.0	25	88.753232303995
11680-4090	세곡푸르지오	2012.0	29	27.0	16	912	2012.0	15	141.96289172518038
11680-41	삼환(101동)	1999.0	11	1.0	1	184	1999.0	16	65.19360119628796
11680-410	역삼르비앙1	2003.0	1	3.0	2	101	2003.0	15	25.152496966305538
11680-411	금호어울림	2003.0	9	2.0	2	103	2002.5	15	32.06234689647137
11680-415	현대1차(12,13,21,22,31,32,33동)	1976.0	7						
11680-416	현대2차(10,11,20,23,24,25동)	1976.0	8	8.0	8	570	1976.0	15	116.92413471893413
11680-417	현대3차(61~64동)	1976.0	6	4.0	4	232	1976.0	12	67.28610725600588
11680-4173	래미안도곡카운티	2016.0	2	8.0	8	397	2016.0	21	147.35461449326328
11680-418	현대4차저층(51~56동)	1977.0	3	8.0	8	316	1977.0	15	79.05797937725275
11680-419	현대5차(71,72동)	1977.0	6	3.0	3	210	1976.0	15	85.5778611827999
11680-4197	삼성동라테라스	2013.0	1	1.0	1	18	2013.0	16	7.425336804426349
11680-4199	강남엘에이치1단지	2013.0	28	9.0	9	645	2013.0	15	94.45524764360434
11680-420	현대6차(78~81,83,84,86,87동)	1978.0	5	6.0	6	532	1978.5	14	158.16015142299293
11680-4202	한양수자인어반게이트	2013.0	2						
11680-421	현대7차(73~77,82,85동)	1979.0	4	7.0	7	588	1978.0	14	155.99792929656314
11680-422	현대8차(성수현대:91~95동)	1980.0	12	4.0	4	403	1980.0	13	77.82004746701108
11680-423	신현대9차	1982.0	14	8.0	8	611	1982.0	13	146.88741607924513
11680-425	신현대11차	1983.0	18	2.0	2	148	1982.0	13	155.6403894987306
11680-426	신현대12차	1982.0	22	10.0	10	724	1982.0	13	140.616693175879
11680-427	현대13차(208~211동)	1983.0	4	17.0	17	1118	1982.0	14	175.40162842860505
11680-428	현대14차(203,204,205,206동)	1987.0	9	5.0	5	329	1987.0	15	85.99046491088247
11680-4284	청담신원아침도시마인	2013.0	5	1.0	0	0			38.34328329992699
11680-4291	래미안청담로이뷰	1992.0	7	2.0	2	372	1991.5	16	66.73081926485244
11680-4292	청담아이파크	1992.0	4	1.0	1	108	1992.0	19	0.014062573406101777
11680-4293	래미안대치하이스턴	1989.0	3	4.0	4	264	1989.0	16	51.66251102890605
11680-4296	테헤란아이파크	2014.0	8	8.0	8	472	2014.0	25	136.44755829335895
11680-4297	래미안포레	2014.0	6	21.0	13	1569	2014.0	12	149.6146992049164
11680-4298	강남한양수자인(4단지)	2014.0	19	31.0	31	1646	2014.0	12	173.01544282886678
11680-431	비쥬힐	2003.0	1	5.0	5	148	2022.0	10	99.65705278284875
11680-4319	래미안강남힐즈	2014.0	51	13.0	13	663	2014.0	15	180.1081273015917
11680-4324	강남데시앙포레	2014.0	15	14.0	14	787	2014.0	15	148.75589547439384
11680-433	필로스(193-45)	2004.0	1	1.0	0	0			104.22850753496365
11680-4332	강남자곡아이파크	2014.0	17	16.0	16	3314	2014.0	15	137.3331636814532
11680-434	LG선릉에클라트(A)	2003.0	6						
11680-4341	강남브리즈힐(토지임대부아파트)	2014.0	18	29.0	29	1527	2013.0	15	127.56340543147604
11680-435	우성리빙텔	1996.0	2	1.0	1	39	1996.0	21	1.3146268583507972
11680-4356	아크로힐스논현	2014.0	11	4.0	4	368	2014.0	30	55.85431793668026
11680-436	연세리버테라스	2003.0	1	1.0	1	19	2003.0	10	3.6205850088105516
11680-4364	청담스위트	2015.0	2	1.0	0	0			81.44159163169756
11680-4375	강남자곡 힐스테이트	2015.0	58						
11680-439	은탑리더스카운티	2003.0	2						
11680-4394	래미안대치팰리스	2015.0	30	11.0	11	1087	2015.0	35	105.97807242054697
11680-4398	강남한신휴플러스6단지	2015.0	9	13.0	13	462	2015.0	15	86.83758008367126
11680-4399	강남한신휴플러스8단지	2015.0	1	11.0	11	169	2015.0	6	122.1621301133834
11680-442	월드쉐르빌	2003.0	1						
11680-447	한양팰리스	2004.0	1	2.0	0	0			76.56089219213086
11680-4474	한라비발디	2016.0	1	1.0	1	110	2016.0	20	32.964910523722594
11680-449	상지리츠빌	2003.0	1	2.0	2	96	2013.5	12	21.224060801906145
11680-4510	강남 더샵 포레스트	2016.0	13	10.0	10	400	2016.0	12	110.38657073259033
11680-4515	역삼자이	2016.0	1	3.0	3	408	2016.0	31	64.33241057787711
11680-452	우찬	2004.0	2	1.0	0	0			216.479710763774
11680-4542	현대썬앤빌테헤란	2016.0	3						
11680-459	프리마빌	2003.0	2	1.0	1	150	2003.0	10	171.10142447578292
11680-46	상지리츠빌6	2002.0	1	2.0	2	30	1996.5	13	34.07989914163711
11680-463	노블카운티	2003.0	2						
11680-4637	대치SKVIEW	2017.0	1	11.0	11	940	2015.0	35	115.99973219464073
11680-4643	청담디에브스아파트	2017.0	1	1.0	1	68	2025.0	20	162.508951823546
11680-4653	청담린든그로브	2017.0	4	5.0	5	114	2017.0	7	47.14942140511959
11680-4655	프리빌리지	2017.0	1	2.0	1	736	2019.0	18	79.15072357777349
11680-4667	동원스위트뷰역삼	2017.0	1						
11680-467	지고하임(102동)	2003.0	3	5.0	0	0			55.992186591655226
11680-47	신동아	1997.0	3	1.0	0	0			0.0017831990645791533
11680-470	타워팰리스3	2004.0	10	1.0	1	480	2004.0	69	80.238785712479
11680-471	하이페리온	2004.0	3	3.0	2	71	2004.0	12	68.4586137070401
11680-4718	삼성동센트럴아이파크	2018.0	9	4.0	4	416	2018.0	31	53.23230102032106
11680-472	아이파크	2004.0	13	7.0	4	471	2004.0	45	129.85242037146043
11680-473	동양파라곤	2004.0	2	4.0	4	203	2004.0	16	54.74203034259655
11680-4730	더원센트럴	2018.0	1	1.0	1	29	2018.0	10	0.16550562277910622
11680-474	대우유로카운티	2004.0	5	6.0	6	293	2004.0	20	81.59005688874807
11680-4756	라테라스청담	2018.0	1						
11680-476	대우로얄카운티2	2002.0	1						
11680-4763	이지마루역삼	2018.0	2	4.0	4	239	2015.5	16	87.87923468634008
11680-4780	래미안 개포 루체하임	2018.0	21	12.0	12	850	2018.0	25	86.23735278088849
11680-4800	래미안블레스티지	2019.0	41	33.0	22	1908	2019.0	35	181.5480022476238
11680-481	한보미도맨션2	1985.0	13	1.0	1	84	1985.0	14	261.67004235104287
11680-485	진흥아마란스	2005.0	1	13.0	0	0			145.693515005908
11680-4850	디에이치아너힐즈	2019.0	18	33.0	33	1320	2019.0	34	146.5533232619875
11680-4863	강남웅진베어스빌	2019.0	1	14.0	14	980	2019.0	20	223.34422262272938
11680-4871	BRUNNEN청담	2019.0	1						
11680-490	역삼예명	2001.0	1						
11680-4909	PH129	2020.0	1	1.0	1	29	2020.0	20	1.305928463007463
11680-4911	논현아이파크	2020.0	3	2.0	2	60	2012.0	18	140.5866063597603
11680-4914	에비뉴나인티	2020.0	2						
11680-4929	개포래미안포레스트	2020.0	55	10.0	10	666	2020.0	33	106.44291710561961
11680-493	역삼우정에쉐르2	2004.0	3	3.0	3	211	2004.0	13	113.44559079793923
11680-494	우정에쉐르멤버스	2004.0	1	2.0	2	240	2001.0	21	62.189096151684716
11680-4949	디에이치포레센트	2021.0	3	10.0	10	1001	2022.0	23	180.85986066625122
11680-4957	시티프라디움더강남201동	2021.0	3	1.0	1	34	2021.0	19	14.205619316565775
11680-4958	시티프라디움더강남101동	2021.0	5	6.0	4	342	2024.0	20	72.63451072880994
11680-496	브라운스톤역삼	2004.0	4	2.0	2	106	2004.0	12	81.97476226624546
11680-498	상지리츠빌(2호라인)	2004.0	1	5.0	5	274	2006.0	24	72.33428368549671
11680-4988	디에이치자이개포	2021.0	9	17.0	16	2083	1991.0	35	165.40806611971638
11680-4994	펜트힐루논현	2021.0	5	2.0	2	155	2022.0	20	119.14791047805653
11680-500	경일역삼	2002.0	1	4.0	0	0			110.81924294309619
11680-5004	래미안라클래시	2021.0	12	8.0	7	679	2021.0	35	110.20178076918866
11680-5005	대치르엘	2021.0	9	10.0	10	471	2021.0	17	79.26316823749096
11680-5015	개포더샵트리에	2021.0	9	8.0	8	250	2021.0	21	187.11409168367834
11680-5027	한양립스	2022.0	1	3.0	3	354	2023.0	14	74.76087105987261
11680-503	강남역우정에쉐르	2004.0	1	10.0	10	1992	2005.0	15	124.41390708629315
11680-504	역삼동우정에쉐르1	2004.0	5	8.0	8	1098	2004.0	21	118.15068348986978
11680-505	개포자이	2004.0	4	4.0	4	212	2004.0	22	59.68359257832795
11680-5056	강남센트럴아이파크	2022.0	22	5.0	5	499	2022.0	35	75.82695262933551
11680-507	삼성동중앙하이츠빌리지	2004.0	6	6.0	6	317	2004.0	22	58.62042342124167
11680-5083	대치더클래스	2022.0	3	6.0	5	784	1979.0	14	126.61371731959615
11680-509	대우멤버스카운티201	2004.0	1	2.0	0	0			17.151404546263198
11680-5100	개포자이르네	2022.0	5	38.0	35	1848	2020.0	35	162.53891425504366
11680-5114	펜트힐캐스케이드	2023.0	2	2.0	2	214	2004.5	18	42.51855411925482
11680-513	삼성리치빌1	2003.0	1	1.0	1	0	1992.0	9	77.89678101350127
11680-519	삼성동대성유니드	2004.0	1	2.0	2	77	2004.5	9	17.181414037770995
11680-522	LG선릉에클라트(B)	2004.0	12	2.0	2	334	2012.5	18	125.85538826579113
11680-5235	개포자이프레지던스	2023.0	79	9.0	9	0		32	140.8344148263978
11680-525	미켈란147	2004.0	5	1.0	1	67	2004.0	23	1.0506258064873313
11680-5251	대치푸르지오써밋	2023.0	5	13.0	11	284	2023.0	18	88.87162327623065
11680-526	아름빌(889-74)	2003.0	2	1.0	1	43	2003.0	12	0.7188013918900565
11680-5267	에테르노청담	2023.0	1	1.0	1	29	2023.0	20	1.9178319393069294
11680-5268	디에이치퍼스티어아이파크	2023.0	3	35.0	16	1		28	187.64858602958748
11680-527	대치동우정에쉐르2(890-42)	2004.0	2	1.0	1	18	2004.0	11	3.0533188577468793
11680-528	선릉역대우아이빌(890-49)	2004.0	3	2.0	2	367	2003.5	17	36.47105364011686
11680-529	테헤란로대우아이빌(891-6)	2004.0	10	4.0	4	551	2012.0	26	68.46363565299522
11680-5291	도곡월드메르디앙아파트	2023.0	2	3.0	3	77	2023.0	18	20.616492419751754
11680-530	대우아이빌명문가(891-23)	2004.0	7	1.0	1	210	2004.0	11	3.1839611570613737
11680-531	대우아이빌멤버스(891-26)	2003.0	8	2.0	2	214	2003.5	12	18.444091417388947
11680-532	포스코더샵	2004.0	5	2.0	2	116	2004.0	22	58.02043348458018
11680-534	동민맥스빌B동	2004.0	1						
11680-549	압구정하이츠파크	2004.0	2	3.0	3	113	2004.0	25	106.12625584604778
11680-551	마일스디오빌	2004.0	9	2.0	2	392	2012.5	15	47.52949448713855
11680-553	케이씨빌	2004.0	1						
11680-554	한진로즈힐	2004.0	2	3.0	2	81	2004.0	9	32.140140342163555
11680-556	제이빌	2004.0	1						
11680-558	두산위브1단지	2004.0	3	3.0	3	148	2004.0	14	55.286226504212
11680-559	두산위브2단지	2004.0	4	2.0	2	136	2004.0	14	35.735225888281796
11680-560	대우디오빌	2004.0	8	55.0	55	457	2009.5	15	197.9927174048032
11680-566	아카데미스위트1	2004.0	14	1.0	1	414	2004.0	51	0.9677661478667592
11680-567	현대아이리스1	2004.0	2	2.0	2	113	2022.5	20	125.22086636494387
11680-568	뉴현대	2004.0	1	3.0	0	0			45.47572922275066
11680-574	청담대우멤버스카운티9차	2004.0	1	8.0	2	0		17	42.61101349056062
11680-576	청담대우멤버스카운티12차	2004.0	1	5.0	2	0		17	52.814596148555495
11680-578	개포주공7단지	1983.0	16	4.0	4	464	1983.0	15	104.88587975093233
11680-581	리치타운	2004.0	1						
11680-582	힐타워	2001.0	1						
11680-584	토미	2004.0	1	1.0	1	55	2023.0	20	279.44933895781384
11680-592	우성아파트	2005.0	3	1.0	1	0		7	3.0184467025486277
11680-594	역삼엔스위트102동	2005.0	1						
11680-598	삼성월드타워	1997.0	1	2.0	2	58	1999.5	14	14.940372178710914
11680-599	우림루미아트	2005.0	1	2.0	2	203	2004.5	15	17.777981912884496
11680-601	동부센트레빌	2005.0	14	7.0	7	805	2005.0	29	164.54786134530875
11680-61	청담힐(에이동)진도(비동)	1997.0	1	1.0	0	0			28.324900871834405
11680-62	진흥아파트	1984.0	8	3.0	3	285	1984.0	15	68.76803595574029
11680-65	청담건영	1994.0	7	2.0	2	240	1994.0	19	28.383806894806632
11680-663	에벤에셀빌라트	2001.0	1	2.0	1	63	2014.0	13	254.42280295089375
11680-664	우림루미아트2	2003.0	3	1.0	1	42	2003.0	12	3.4983513531366652
11680-665	우림루미아트1	2003.0	1	2.0	2	42	2010.5	14	92.92463832479078
11680-666	진넥스빌2	2003.0	3	1.0	1	56	2003.0	11	2.5591587660531077
11680-6668	역삼센트럴아파트	2025.0	5						
11680-6669	아크로삼성	2025.0	1	4.0	4	0	2025.0	25	58.0080861782046
11680-668	대우디오빌플러스	2004.0	8	8.0	8	2179	2004.0	19	110.25478197899808
11680-67	청담로얄카운티	1999.0	1						
11680-670	새롬(1164-12)	2000.0	2						
11680-671	새롬(1164-13)	2000.0	3						
11680-672	새롬(1164-14)	2000.0	1						
11680-674	포이현대빌라트	1997.0	1	1.0	0	0			140.3496593307409
11680-682	대치한신휴플러스	2005.0	3	1.0	1	16	2019.0	9	88.44668303087707
11680-685	동양	1999.0	1						
11680-687	청원	2005.0	1	2.0	2	0		7	122.5022232418039
11680-689	대치하나빌	2003.0	2	4.0	1	0		8	101.63296382666037
11680-699	논현동한화꿈에그린	2005.0	6	3.0	3	320	2003.0	14	69.25440401036796
11680-705	그랜빌캐슬	2003.0	4	1.0	0	0			1.8612511339848947
11680-708	대명비발디	2003.0	2						
11680-713	하야트빌	2005.0	1	1.0	0	0			186.97135405996067
11680-717	논현동프라임	2004.0	1						
11680-73	청담우방아파트	1999.0	5	4.0	2	212	1999.0	18	74.44277415403695
11680-78	청담현대3차아파트	1999.0	9	6.0	6	317	1999.0	24	61.385932985005034
11680-83	현대아파트	1988.0	7	2.0	2	214	1988.0	13	80.7262536573602
11680-84	현대빌라(43-1)	1992.0	1	1.0	0	0			0.017205723615801354
11680-9	신성아파트101동	1996.0	4	2.0	1	55	1996.0	10	94.47255374956468
11680-97	청담매스터빌	1994.0	2	2.0	0	0			30.704079313582977
11680-98	청담대림이-편한세상	2002.0	13	4.0	4	271	2002.0	17	41.71298959902282
11680-99	이니그마빌2	2002.0	1						
