osm_id	name	lat	lon	ele_m
5515194671	북한산(백운대)	37.6586301	126.9780032	835.57
5515194670	인수봉	37.6602237	126.9801803	811.05
5515194624	만경대	37.656257	126.9797458	800.6
5515194666	도봉산자운봉	37.6988424	127.0154594	740.2
5515194631	문수봉	37.6324277	126.9716333	728.4
11377228354	도봉산신선대	37.6986628	127.0150565	726.0
5515194637	보현봉	37.62858	126.974218	721.9
5515194673	노적봉	37.6534118	126.9773197	717.98
5515194665	만장봉	37.6979789	127.0166242	715.67
5515194674	남장대	37.6336811	126.9709767	715.45
5515194650	장군봉	37.6600711	126.9751675	712.2
5515194646	용암봉	37.6531715	126.9809441	711.3
5515194664	선인봉	37.6977059	127.0168642	693.07
5515194636	잠룡봉	37.6314967	126.9754576	692.9
5515194630	나한봉	37.6341281	126.9693723	682.5
5515194416	도봉산주봉	37.6978412	127.0131171	676.2
5515194418	오봉산	37.6967691	127.0013105	665.6
5515194649	염초봉	37.6590152	126.9724956	662.1
10252985182	환희봉	37.637597	126.968997	648.0
5515194629	나월봉	37.6367404	126.9689234	644.3
3803846068	수락산	37.6992644	127.0813401	638.0
10252985124	화룡봉	37.63378	126.97821	638.0
442878166	관악산	37.4451398	126.9642379	632.0
10252985132	숫사자봉	37.62663	126.97258	628.0
10252984825	관악산	37.44056	126.96446	624.8
5515194638	성덕봉	37.6346438	126.9814074	622.5
3401237693	망경대	37.4227551	127.0413107	621.0
10956649067	암사자봉	37.6262758	126.972878	618.0
2668340883	청계산	37.421899	127.0432171	618.0
5515194645	일출봉	37.6498485	126.9837723	617.7
10253004792	기차바위	37.703105	127.0827099	608.0
10252954147	석기봉	37.42061	127.04195	603.0
5515194669	시단봉	37.6436587	126.9831746	601.03
5515194644	월출봉	37.6487089	126.9838601	598.2
5515194647	영봉	37.6637257	126.988027	597.1
10252985150	석가봉	37.63531	126.985885	594.0
5515194668	동장대	37.642887	126.983789	591.75
5515194639	복덕봉	37.6365423	126.9844296	590.5
5515194628	증취봉	37.6423772	126.9655462	589.2
10252985131	휴암봉	37.63982	126.974441	589.0
5515194642	기룡봉	37.6462558	126.9856994	588.7
5515194641	반룡봉	37.6456472	126.9847862	583.5
5515194640	덕장봉	37.6416345	126.9852883	582.1
442863958	매봉	37.4280177	127.0436423	582.0
10253004832	코끼리바위	37.69509	127.08287	576.0
5515194627	용혈봉	37.6431461	126.9641467	575.9
5515194635	승가봉	37.6290187	126.962996	573.3
10252985204	용출봉	37.64387	126.96192	569.0
5515194633	비봉	37.6256059	126.9562534	560.3
10940153059	상장5봉	37.6834	126.9849372	559.0
442863915	이수봉	37.4136483	127.0466807	558.0
10252985127	사모바위	37.628104	126.959596	556.0
5515194651	사기막봉	37.6653152	126.9755267	552.2
5515194652	영장봉	37.6661835	126.9762125	550.1
10940153114	상장8봉	37.6795759	126.9918975	545.0
442863913	국사봉	37.4040898	127.043771	540.0
5150649711	도솔봉	37.6905939	127.0847067	540.0
8120323090	검단산	37.4580499	127.187529	533.0
5515194677	향로봉	37.6251125	126.951165	527.42
10940153085	상장6봉	37.6837269	126.9894862	526.0
10252954170	팔봉	37.43422	126.95959	521.0
442877585	학바위 국기봉	37.4398679	126.9587485	521.0
10940152869	왕관봉	37.6749915	126.993763	520.0
5515194672	상장봉	37.6863811	126.9775557	513.25
5515194675	원효봉	37.6575457	126.9648057	510.28
7972716239	불암산	37.6636484	127.0952449	508.0
5515194417	여성봉	37.7023722	126.9925203	504.3
5515194626	의상봉	37.6481693	126.9605663	501.5
446004566	청량산	37.4801633	127.1761277	497.0
5515194678	노고산	37.6847685	126.9441358	486.98
10253004776	영락대	37.70366	127.08874	483.0
2668273218	삼성산	37.4359147	126.9393711	480.9
10252954186	국기봉	37.43137	126.9372	478.6
10252985145	진관봉	37.627847	126.94853	477.0
10253004760	기린봉	37.65255	126.97055	472.0
10252984912	연주봉	37.486717	127.178184	470.0
10253004819	향로봉	37.70235	127.09109	463.4
442881216	형제봉	37.61981	126.9825444	458.0
442881015	형제봉1	37.6179641	126.9820118	452.0
10252984871	깃대봉국기봉	37.44098	126.93895	446.0
5515194625	장군봉	37.6462663	126.9752886	430.3
7570474153	장군봉	37.4478141	126.9309757	409.0
10252985115	기자봉	37.627112	126.94587	404.0
10252984868	호암산(민주동산 국기봉)	37.4509514	126.9290535	392.0
3547272668	인능산	37.4449951	127.0880012	374.0
10120106808	퇴뫼산	37.697667	127.143806	370.8
442863981	옥녀봉	37.4391855	127.035797	370.0
442863770	매봉	37.4139375	127.0134044	369.0
5515194634	족두리봉	37.6179598	126.9429592	367.3
10252954158	학우봉	37.43179	126.92992	367.0
10252985142	수향봉	37.62036	126.94474	357.0
10252973479	매봉산	37.41207	127.0118	349.4
2493496155	용마산	37.5711684	127.0957102	348.0
442877731	학우봉	37.4310781	126.9296303	344.3
2668271331	북악산	37.5930264	126.9737648	342.0
6505641385	인왕산	37.5849155	126.9578104	339.0
10252999108	구진봉	37.6028389	126.9839528	335.4
10125280568	고불산	37.4161499	127.1767657	333.0
5515194676	매봉	37.6380692	126.9536947	332.93
10253004813	국사봉	37.6965139	127.1128806	331.3
11830212601		37.5736036	127.1009625	325.0
11816233912		37.5876972	126.9588018	323.0
10252985148	선림봉	37.624988	126.943404	322.0
10125287504	금암산	37.5067112	127.1799487	321.1
7570474160	선유천 국기봉	37.4628295	126.9707124	319.5
2668196921	구룡산	37.4689286	127.0612184	306.0
10252954176	바라산	37.420485	127.068421	301.0
13329877451	목동산	37.4431863	127.071881	300.1
10252984846	목동산	37.44094	127.0812	300.0
7972716219	소래산	37.452196	126.7789226	299.6
2668320332	안산	37.57693	126.9457832	296.0
10252999053	아차산	37.5668444	127.1027417	295.7
4551691778	아차산	37.5711235	127.1043503	295.0
2668200158	대모산	37.4748215	127.0790068	293.0
2668326235	우면산	37.47048	127.00913	293.0
4693090968	귀임봉	37.6748244	127.0714567	288.0
10120106807	옛성산	37.7011453	127.1406186	286.0
10146536893	국수봉	37.4689173	127.057568	284.1
3819845649	망우산	37.5933398	127.1132963	281.7
10252984872	범바위산	37.44997	127.08886	274.0
10252954156	비봉산	37.4139595	126.9363808	274.0
288169256	남산	37.552206	126.9879609	267.0
11807068644		37.4755103	127.0856511	260.0
446001324	구름산	37.4406831	126.8661594	251.99
10252973510	머금이산	37.4032955	127.0641452	242.2
10252984843	모자봉	37.44982	126.94479	240.0
7570474151	돌산	37.4579717	126.9384599	236.0
4576601570	앵봉산	37.6297001	126.9082513	235.0
10125280558	철봉	37.4236833	126.9660029	234.0
10252984856	국기봉(돌산바위)	37.461502	126.942262	233.0
446001452	가학산	37.4279921	126.8673018	220.0
10253004757	원효봉	37.66372	126.95886	218.1
10253004725	곱돌산	37.67236	127.14409	218.0
7972724256	성주산	37.4717954	126.7782985	216.5
2668258478	백련산	37.5916113	126.9278193	215.0
6119857915	서독산	37.4248669	126.8741552	213.0
7972724231	거마산	37.4663972	126.765873	210.3
10252999164	금화산	37.57241	126.95036	209.0
4908796773	봉산	37.6124264	126.900963	209.0
10252984941		37.46726	126.99715	208.8
10252999126	말바위	37.5934208	126.9859803	208.0
10125287505	이성산	37.5267035	127.1822421	208.0
11266135007	고봉산	37.6925016	126.7901793	206.3
10253004719	옥녀봉	37.66079	126.92743	204.9
3819845648	시루봉	37.5810898	127.1167631	204.0
4909158623	도덕산	37.4653398	126.8571744	201.0
10252984860	범바위산	37.45654	127.09413	197.9
10253004812	대자산	37.700816	126.889847	196.0
10252984851	굴바위산	37.4516	127.03609	194.4
9188480813	영장산	37.4539366	127.1380152	193.7
10252973520	무재봉	37.401	126.99595	184.9
10252984919	도덕산	37.47036	126.86077	183.1
2828072307	국사봉	37.4927716	126.9397882	180.9
10170673480	망월산	37.6077425	126.8866854	179.4
10252985181	구능산	37.6163222	127.1167361	177.9
7199674118	매봉	37.5444002	127.0089842	174.9
10252985033	서달산	37.4972431	126.9618216	173.0
2955758826	우정봉	37.4625178	126.9554776	173.0
10252985035	원미산	37.49517	126.79995	167.0
10252984956	선우봉	37.4653166	126.9140352	165.0
7972716248	관모산	37.4555124	126.7625524	160.8
2471012414	봉화산	37.6085071	127.0872047	160.0
5634783065	청룡산	37.4739417	126.94512	160.0
10252985193	문령산	37.6446028	127.1790778	155.5
11807068666		37.4780326	127.0973252	152.0
11807097067		37.478177	127.0983969	152.0
10252984913	할미산	37.4654417	126.8040417	151.9
10125280553	양지산	37.4307056	126.8255999	150.9
7972724185	상아산	37.4542643	126.7655499	150.8
10125280554	봉재산	37.4220658	126.8294776	147.7
4605180547	천왕산	37.4780987	126.8324569	144.0
10125280552	천왕산	37.4833779	126.8320755	144.0
10253004815	심리산	37.6967417	126.8636278	143.0
10252985152	팔강산	37.621	127.11025	142.6
2668331254	천마산	37.5034322	127.1575021	141.0
10252954184	봉바위산	37.41467	127.08985	140.7
10252985192	가사미산	37.68551	126.81303	140.2
4881890761	건우봉	37.4742248	126.9266112	140.0
10253004814	장령산	37.698413	126.870285	140.0
2668331568	천장산	37.601984	127.0508026	140.0
11813365888		37.5294083	127.1532695	140.0
11813366270		37.5282468	127.1523972	140.0
10253004807	견달산	37.6931222	126.8234639	138.7
10252954165	성채산	37.4282917	126.8886139	138.5
10252984994	국기봉	37.50824	126.82484	137.0
2668169290	개운산	37.5963229	127.0274349	134.0
10253004720	상산	37.6758333	126.8975083	133.4
9436282661	독산	37.7053952	126.8319363	133.2
5750035962	이말산	37.6392061	126.9245697	132.7
2475002037	개화산	37.5826798	126.8051783	132.0
4605968258	건지산	37.4766116	126.8296511	131.4
11813366183		37.5338165	127.1591355	130.0
10252999147	개화산	37.5816667	126.8061694	128.4
10168068189	봉매산	37.4658713	126.7943458	128.4
10252984874	서산	37.4591	126.856	128.1
10252999139	대덕산	37.5868139	126.8628833	126.3
10252985407	지향산	37.5200111	126.8255528	125.7
10253004764	가장산	37.708866	126.864808	125.0
4909158622	개웅산	37.4865928	126.8446547	125.0
10252985357	해맞이봉	37.51684	126.82387	125.0
4908798243	덕양산	37.5957851	126.8291923	124.6
8910876103	낙산	37.5805584	127.0086015	124.4
10252999057	복주산	37.56608	126.94957	124.4
10252985052	원미산	37.4897583	126.7962778	123.7
10252984969	까치산	37.48372	126.96127	122.3
5515194663	시루봉	37.6656503	127.024447	121.3
10253004727	매봉산	37.6799667	126.8743944	121.0
4881890763	장군봉	37.4808378	126.9356989	118.5
4600992239	봉제산	37.5431044	126.8551098	117.0
2668341323	초안산	37.6387772	127.0468058	115.5
10252954167	갈마산	37.43586	126.82608	115.0
10252985141	일패봉	37.6277	127.16705	112.0
2668256438	배봉산	37.5810567	127.0638236	110.0
4605214497	매봉산	37.5041465	126.8380123	108.0
10252985000	고구동산	37.50755	126.95462	107.99
7626743558	국사봉	37.6458107	126.8432494	107.0
10252984989	춘의산	37.5108361	126.7900556	105.6
4584884747	수색산	37.5877649	126.9042117	105.4
10252985045	멀미산	37.49142	126.80045	105.3
10252999028	노고산	37.5529472	126.9418917	104.5
9181604462	승상산	37.5434887	127.157731	104.2
10252999169	궁동산	37.568803	126.922951	104.0
10252985022	뒷산	37.50034	126.8356	102.9
10252954201	망재산	37.4228	126.77108	102.0
10252985051	세럴산	37.48977	126.805	102.0
10252999064	와우산	37.5513528	126.9285778	101.9
10252985013	와룡산	37.50208	126.82165	100.0
11813359925		37.5412106	127.1648829	100.0
11684982635	동초안산	37.6346083	127.0546507	99.5
10252985408	매봉산	37.5389944	126.86065	99.1
2668327216	원당산	37.5514905	126.8423711	96.0
9611630239	성심산	37.4583795	126.8230459	95.9
2668327734	응봉산	37.5476323	127.0298604	95.0
10252973494	학미산	37.4071028	126.780575	94.9
10252985161	옥녀봉	37.6100888	126.7657973	94.5
10252999160	망봉산	37.5733111	126.8938333	93.9
10252985183	영축산	37.6252578	127.0573876	93.4
7284357991	봉대산	37.6056388	126.8477461	92.0
10252999099	구릉산	37.6078472	127.1036667	90.8
8440420534	무학봉	37.5624514	127.0252688	90.0
3227540163	용마산	37.5045867	126.9292416	88.0
10253004732	정발산	37.6634694	126.7794056	87.2
4642127638	검덕산	37.5544189	126.8455311	87.0
5810221890	매봉	37.5652098	127.1446991	85.4
10252985021	갯말산	37.50005	126.98237	83.0
11813476442		37.552898	127.1599665	81.0
10252985367	장안사산	37.5209	126.82075	80.3
11813476407		37.5482839	127.1638606	80.0
2668324234	용왕산	37.5442413	126.8786168	78.0
10252985003	갈산	37.50677	126.86898	77.0
10252999113	부왕산	37.6001306	126.7640583	74.8
10252999157	궁산	37.5750556	126.8402861	74.5
9181604463	일자산	37.529261	127.1510115	74.2
10252999106	전호산	37.6041778	126.7943222	72.1
4706548291	수명산	37.5478837	126.8275267	72.0
10252973499	터골산	37.4065	126.85731	72.0
10252985399	능골산	37.52948	126.82745	71.0
10252954166	안살미산	37.41586	126.77242	71.0
10252985398	까치산	37.5368167	126.84385	70.5
10252999146	행주산	37.58129	126.81666	70.0
10252984993	갈탄봉	37.50943	126.85517	69.0
10252999153	상암산	37.57831	126.88525	68.0
10252984986	시루뫼	37.51139	126.81333	68.0
10252984888	운산	37.44237	126.86004	68.0
10252985387	천재지단	37.52355	126.81819	68.0
10252985388	수도산	37.51646	127.05679	67.0
8559861582	둔지산	37.5316341	126.9856842	65.5
10252984816	동산마산	37.43753	126.83081	64.0
10252999119	뒷동산	37.59712	126.76189	63.4
10252985206	영주산	37.6449417	126.8127556	61.5
5532776556	미음나루	37.5903357	127.1760024	61.0
10252954168	범배산	37.42341	126.76304	61.0
10252985358	샛말산	37.53235	126.81732	60.0
10252999121	은행산	37.59676	126.88274	58.0
10253004728	차돌봉	37.67088	126.84173	58.0
10252984855	오난산	37.44159	126.80587	57.0
4704956153	증미산	37.5586242	126.8684765	55.2
10252984973	갓베산	37.46751	127.02701	54.9
10252985144	묘하나골산	37.6427917	126.8146333	54.7
10252985118	가라산	37.6250472	126.8421126	54.5
10252954192	동매산	37.41641	127.13788	53.8
10252985157	논골산	37.62822	127.18882	52.01
10252984999	대머리산	37.50753	126.96849	52.0
10252985121	능굴동산	37.62154	126.82825	51.0
10252984982	안산	37.51258	127.15002	50.8
10252984935	종여울산	37.4800494	127.0302592	50.2
10252984835	사들	37.44541	126.84409	50.1
10252984974	너부대	37.48011	126.84745	49.0
10252999112	강고산	37.60016	126.84628	46.0
10252984905	동산	37.46977	127.02922	46.0
10252984829	중촌산	37.456118	127.028519	46.0
10252954185	뒷동산	37.4372778	126.764525	43.7
10252984897	능촌	37.44317	126.8491	39.0
10252999151	안산	37.58047	126.86314	38.8
10252985149	뒷산	37.61684	126.85491	35.5
7208441963	왕재산	37.4763291	126.8728277	35.0
10252954194	무리재산	37.41516	126.78358	34.0
10252984877	뒷동산	37.44656	126.83327	33.1
10252985165	보루매산	37.6243972	126.8076417	32.7
10252973507	마산	37.40486	126.76349	30.6
10253004737	금봉산	37.65927	126.80987	30.0
10252985177	방석매	37.6177	126.86189	22.0
7288910987	청계천 북쪽 가산	37.5698763	127.0053455	20.0
10252985129	백마산	37.60937	126.78917	14.2
10603787093	깃대봉	37.4407005	126.9596761	
10252708343	낙산	37.5803523	127.0073277	
2668232451	대현산	37.5540112	127.0292093	
3164111861	동망봉	37.5782019	127.0179556	
4185898560	매봉재산	37.4769805	126.99519	
10125389921	매조산	37.6919858	126.88665	
13682541639	무무대	37.5839068	126.9639527	
11378648284	불암산석장봉	37.6644661	127.0943803	
11378604209	삼각점	37.6898061	127.0920892	
10940152954	상장2봉	37.6862157	126.9793166	
10940153111	상장7봉	37.6806617	126.9898725	
6822157367	육봉국기봉	37.4311264	126.9624154	
7570474158	자운암 국기봉	37.446789	126.9603528	
13682461151	청운대 293m	37.5948844	126.975367	
12963888907	청호봉	37.4449236	127.0329255	
442789707	팔봉국기봉	37.4346797	126.961638	
10685699822	황금산	37.6025523	127.1642211	
5887332488		37.4973929	126.8085296	
2456438540		37.550849	126.8575263	
5942899551		37.5486144	126.8339546	
6596148614		37.6319625	126.9922518	
